1.000037  0.001680
  0.999055  0.001886
  0.996111  0.002502
  0.991217  0.003523
  0.984393  0.004936
  0.975665  0.006729
  0.965067  0.008883
  0.952642  0.011377
  0.938437  0.014188
  0.922508  0.017290
  0.904918  0.020657
  0.885736  0.024258
  0.865038  0.028066
  0.842904  0.032049
  0.819422  0.036176
  0.794685  0.040416
  0.768788  0.044738
  0.741835  0.049108
  0.713931  0.053494
  0.685186  0.057860
  0.655713  0.062173
  0.625628  0.066395
  0.595049  0.070489
  0.564097  0.074417
  0.532892  0.078138
  0.501558  0.081612
  0.470218  0.084798
  0.438995  0.087655
  0.408011  0.090144
  0.377387  0.092227
  0.347245  0.093868
  0.317703  0.095034
  0.288876  0.095697
  0.260878  0.095835
  0.233820  0.095428
  0.207806  0.094466
  0.182673  0.092922
  0.158167  0.090637
  0.134567  0.087435
  0.112167  0.083219
  0.091248  0.077968
  0.072075  0.071740
  0.054877  0.064658
  0.039837  0.056898
  0.027087  0.048666
  0.016708  0.040178
  0.008728  0.031641
  0.003132  0.023237
 -0.000131  0.015107
 -0.001141  0.007346
  0.000000  0.000000
  0.003114 -0.006747
  0.008016 -0.012751
  0.014581 -0.018082
  0.022689 -0.022833
  0.032235 -0.027103
  0.043136 -0.030995
  0.055336 -0.034606
  0.068817 -0.038023
  0.083597 -0.041315
  0.099735 -0.044536
  0.117320 -0.047714
  0.136464 -0.050852
  0.157286 -0.053913
  0.179903 -0.056813
  0.204408 -0.059401
  0.230354 -0.061511
  0.257368 -0.063112
  0.285345 -0.064211
  0.314173 -0.064820
  0.343738 -0.064960
  0.373923 -0.064651
  0.404608 -0.063922
  0.435672 -0.062803
  0.466991 -0.061327
  0.498442 -0.059528
  0.529898 -0.057441
  0.561236 -0.055101
  0.592332 -0.052544
  0.623062 -0.049803
  0.653304 -0.046913
  0.682939 -0.043906
  0.711848 -0.040813
  0.739919 -0.037663
  0.767039 -0.034487
  0.793101 -0.031313
  0.818002 -0.028169
  0.841643 -0.025082
  0.863931 -0.022080
  0.884777 -0.019190
  0.904099 -0.016439
  0.921820 -0.013853
  0.937870 -0.011456
  0.952185 -0.009275
  0.964709 -0.007332
  0.975392 -0.005648
  0.984190 -0.004242
  0.991070 -0.003131
  0.996004 -0.002328
  0.998972 -0.001842
  0.999963 -0.001680