  1.000042  0.001890
  0.999060  0.002119
  0.996117  0.002804
  0.991226  0.003938
  0.984406  0.005510
  0.975682  0.007502
  0.965090  0.009896
  0.952670  0.012668
  0.938472  0.015791
  0.922551  0.019237
  0.904969  0.022975
  0.885796  0.026974
  0.865107  0.031200
  0.842983  0.035619
  0.819511  0.040198
  0.794784  0.044900
  0.768898  0.049690
  0.741955  0.054531
  0.714061  0.059388
  0.685326  0.064221
  0.655864  0.068991
  0.625788  0.073658
  0.595219  0.078179
  0.564276  0.082512
  0.533079  0.086612
  0.501753  0.090433
  0.470420  0.093931
  0.439202  0.097059
  0.408223  0.099773
  0.377604  0.102032
  0.347464  0.103794
  0.317923  0.105025
  0.289097  0.105691
  0.261098  0.105769
  0.234036  0.105237
  0.208019  0.104082
  0.182846  0.102281
  0.158222  0.099671
  0.134449  0.096078
  0.111845  0.091402
  0.090718  0.085625
  0.071355  0.078806
  0.054006  0.071076
  0.038868  0.062617
  0.026084  0.053644
  0.015738  0.044383
  0.007855  0.035046
  0.002416  0.025819
 -0.000640  0.016848
 -0.001407  0.008227
  0.000000  0.000000
  0.003380 -0.007628
  0.008526 -0.014492
  0.015297 -0.020665
  0.023562 -0.026237
  0.033206 -0.031308
  0.044139 -0.035974
  0.056305 -0.040325
  0.069688 -0.044440
  0.084317 -0.048381
  0.100265 -0.052192
  0.117642 -0.055897
  0.136583 -0.059495
  0.157231 -0.062947
  0.179730 -0.066171
  0.204196 -0.069018
  0.230137 -0.071320
  0.257149 -0.073046
  0.285124 -0.074205
  0.313952 -0.074811
  0.343519 -0.074886
  0.373706 -0.074456
  0.404396 -0.073551
  0.435464 -0.072207
  0.466790 -0.070460
  0.498247 -0.068349
  0.529711 -0.065914
  0.561058 -0.063196
  0.592162 -0.060233
  0.622902 -0.057066
  0.653153 -0.053731
  0.682798 -0.050267
  0.711718 -0.046707
  0.739799 -0.043087
  0.766929 -0.039439
  0.793002 -0.035796
  0.817913 -0.032191
  0.841564 -0.028653
  0.863861 -0.025215
  0.884717 -0.021906
  0.904048 -0.018758
  0.921777 -0.015799
  0.937835 -0.013059
  0.952157 -0.010566
  0.964687 -0.008345
  0.975375 -0.006422
  0.984178 -0.004816
  0.991061 -0.003547
  0.995997 -0.002630
  0.998967 -0.002075
  0.999958 -0.001890